000000
000001
000002
000004
000006
000007
000008
000009
000011
000012
000013
000014
000015
000016
000017
000018
000019
000021
000022
000023
000026
000027
000028
000029
000030
000031
000033
000034
000036
000038
000039
000040
000041
000043
000044
000045
000046
000048
000049
000050
000051
000053
000054
000055
000056
000057
000058
000059
000061
000062
000063
000064
000066
000067
000068
000069
000070
000071
000072
000073
000074
000075
000076
000077
000079
000081
000082
000084
000085
000087
000088
000089
000090
000091
000093
000094
000095
000096
000100
000101
000102
000103
000104
000105
000106
000108
000109
000110
000111
000112
000113
000114
000115
000116
000117
000118
000119
000120
000121
000122
000123
000125
000126
000127
000129
000130
000131
000133
000134
000135
000136
000137
000138
000139
000141
000142
000143
000144
000145
000148
000149
000150
000151
000152
000153
000154
000155
000156
000157
000158
000159
000160
000161
000162
000163
000164
000166
000167
000168
000170
000171
000172
000173
000176
000177
000179
000180
000181
000182
000183
000185
000186
000187
000188
000189
000190
000191
000192
000193
000194
000195
000196
000199
000200
000202
000203
000204
000205
000207
000208
000210
000211
000213
000216
000217
000219
000220
000221
000222
000224
000225
000226
000228
000229
000230
000231
000232
000233
000234
000235
000236
000237
000238
000239
000241
000242
000243
000244
000245
000246
000247
000249
000250
000251
000252
000253
000254
000256
000257
000258
000259
000260
000261
000263
000264
000265
000266
000267
000268
000269
000270
000272
000273
000276
000277
000278
000279
000280
000281
000282
000283
000284
000287
000288
000290
000291
000292
000294
000296
000297
000299
000300
000302
000303
000305
000307
000308
000309
000310
000311
000312
000313
000314
000315
000316
000317
000319
000320
000321
000322
000323
000325
000326
000327
000328
000330
000331
000333
000334
000335
000337
000338
000339
000340
000341
000342
000343
000344
000345
000346
000348
000349
000351
000353
000354
000355
000356
000357
000359
000360
000362
000363
000364
000365
000366
000367
000368
000369
000370
000372
000373
000374
000377
000378
000379
000380
000381
000382
000384
000386
000387
000388
000389
000390
000391
000393
000394
000398
000399
000400
000401
000402
000404
000406
000407
000408
000409
000410
000411
000412
000413
000414
000415
000416
000417
000419
000420
000422
000423
000424
000425
000426
000428
000429
000430
000432
000433
000434
000435
000437
000438
000439
000440
000441
000442
000443
000444
000445
000446
000447
000448
000449
000450
000451
000452
000454
000456
000457
000458
000459
000460
000461
000462
000464
000465
000466
000467
000468
000469
000470
000473
000474
000475
000476
000477
000478
000479
000480
000481
000482
000484
000485
000486
000487
000488
000489
000490
000491
000492
000493
000495
000496
000499
000500
000501
000503
000504
000507
000508
000509
000511
000512
000513
000515
000516
000517
000518
000520
000523
000524
000526
000529
000530
000531
000532
000534
000537
000539
000540
000542
000543
000544
000545
000547
000548
000549
000550
000551
000553
000554
000555
000556
000559
000560
000561
000562
000563
000564
000565
000566
000567
000568
000571
000572
000574
000575
000576
000577
000578
000579
000580
000581
000583
000584
000585
000587
000589
000590
000591
000592
000593
000594
000596
000597
000598
000600
000601
000602
000604
000605
000606
000607
000608
000609
000610
000611
000612
000614
000615
000616
000617
000618
000620
000621
000622
000624
000625
000626
000627
000628
000629
000630
000631
000632
000633
000634
000635
000636
000638
000639
000640
000641
000642
000644
000645
000646
000647
000648
000650
000651
000652
000653
000654
000655
000656
000657
000658
000659
000660
000661
000662
000663
000664
000665
000667
000669
000670
000672
000673
000675
000676
000677
000678
000679
000680
000681
000682
000683
000684
000685
000686
000687
000688
000689
000690
000691
000692
000693
000695
000696
000697
000698
000699
000700
000701
000702
000703
000704
000707
000708
000709
000711
000712
000713
000714
000715
000716
000717
000718
000719
000720
000723
000724
000725
000728
000729
000730
000732
000733
000734
000735
000736
000737
000738
000739
000740
000742
000743
000745
000746
000747
000748
000749
000750
000752
000753
000754
000755
000756
000757
000758
000759
000762
000763
000764
000765
000766
000767
000768
000770
000771
000772
000773
000774
000775
000776
000777
000778
000779
000780
000781
000782
000783
000786
000787
000788
000790
000791
000794
000795
000796
000798
000800
000801
000802
000803
000804
000806
000807
000808
000809
000810
000811
000812
000813
000814
000815
000816
000817
000818
000819
000820
000822
000823
000824
000825
000826
000827
000828
000829
000830
000831
000833
000834
000836
000837
000838
000839
000840
000842
000843
000844
000846
000848
000849
000850
000851
000852
000853
000854
000855
000856
000857
000858
000859
000860
000861
000862
000863
000865
000866
000867
000868
000869
000871
000872
000873
000874
000875
000876
000878
000879
000882
000883
000885
000886
000887
000888
000889
000890
000891
000892
000893
000894
000895
000896
000897
000898
000899
000900
000901
000902
000903
000904
000905
000906
000907
000908
000910
000911
000913
000914
000915
000916
000917
000918
000919
000920
000921
000923
000924
000925
000926
000927
000928
000929
000930
000931
000932
000933
000934
000935
000936
000937
000939
000940
000941
000943
000944
000945
000946
000947
000948
000949
000950
000951
000953
000955
000956
000957
000958
000959
000962
000963
000964
000965
000966
000967
000968
000970
000971
000972
000973
000974
000976
000977
000978
000979
000980
000984
000985
000986
000987
000988
000989
000992
000993
000994
000995
000996
000997
000998
000999
001000
001002
001003
001007
001008
001009
001011
001013
001014
001015
001016
001017
001018
001019
001020
001021
001022
001024
001025
001026
001027
001028
001029
001030
001031
001032
001033
001034
001035
001036
001037
001038
001039
001040
001042
001044
001045
001046
001049
001051
001052
001053
001054
001056
001057
001058
001059
001061
001063
001064
001065
001066
001067
001070
001072
001073
001074
001077
001078
001079
001080
001082
001083
001084
001085
001086
001087
001088
001089
001090
001091
001092
001093
001095
001096
001098
001099
001100
001101
001102
001105
001106
001107
001108
001109
001110
001111
001112
001113
001114
001115
001117
001118
001120
001122
001123
001124
001125
001126
001127
001129
001130
001131
001132
001134
001136
001138
001139
001141
001142
001143
001144
001145
001146
001147
001149
001150
001151
001153
001154
001155
001156
001157
001158
001160
001161
001162
001164
001166
001168
001169
001170
001171
001172
001174
001175
001176
001177
001178
001179
001181
001182
001183
001184
001185
001186
001187
001188
001189
001190
001191
001192
001193
001195
001196
001198
001199
001200
001201
001202
001203
001204
001205
001206
001208
001209
001210
001211
001212
001213
001214
001215
001217
001218
001219
001220
001221
001222
001223
001224
001225
001226
001227
001231
001232
001233
001235
001236
001237
001240
001241
001242
001243
001244
001245
001246
001247
001248
001249
001250
001251
001253
001255
001256
001257
001258
001259
001260
001261
001263
001264
001265
001266
001267
001268
001269
001272
001273
001274
001275
001276
001277
001278
001279
001280
001281
001282
001283
001285
001287
001289
001291
001293
001294
001295
001296
001297
001298
001300
001301
001302
001303
001304
001305
001306
001307
001308
001310
001311
001312
001313
001315
001316
001317
001318
001319
001320
001321
001322
001324
001327
001328
001329
001330
001331
001332
001333
001334
001335
001337
001338
001339
001340
001341
001343
001344
001346
001348
001349
001350
001351
001352
001353
001354
001355
001357
001358
001359
001360
001362
001363
001364
001365
001366
001367
001368
001369
001370
001371
001372
001373
001376
001377
001380
001381
001382
001383
001384
001385
001386
001387
001388
001389
001392
001393
001394
001395
001396
001397
001398
001399
001400
001401
001402
001404
001405
001406
001407
001408
001409
001410
001412
001414
001415
001416
001417
001418
001419
001420
001421
001423
001424
001425
001426
001427
001428
001429
001430
001431
001432
001433
001434
001438
001439
001440
001442
001443
001444
001445
001447
001448
001449
001450
001452
001453
001455
001456
001458
001460
001461
001462
001464
001465
001466
001467
001468
001469
001470
001471
001472
001473
001474
001475
001476
001477
001478
001479
001480
001482
001483
001484
001485
001487
001488
001489
001490
001491
001492
001493
001494
001498
001499
001501
001503
001504
001505
001506
001507
001509
001510
001512
001513
001514
001515
001517
001518
001519
001520
001521
001524
001525
001528
001529
001530
001531
001532
001533
001534
001535
001536
001537
001539
001540
001541
001542
001544
001545
001547
001548
001549
001550
001551
001554
001555
001556
001557
001558
001559
001561
001562
001564
001565
001566
001568
001570
001571
001573
001574
001576
001578
001579
001581
001582
001583
001584
001585
001586
001588
001589
001590
001592
001593
001596
001597
001599
001601
001602
001603
001604
001606
001608
001609
001610
001611
001612
001613
001614
001615
001616
001617
001618
001619
001620
001621
001622
001623
001624
001625
001627
001628
001629
001630
001631
001632
001633
001634
001635
001636
001637
001639
001640
001641
001642
001643
001645
001646
001647
001648
001649
001650
001651
001652
001653
001654
001655
001657
001658
001659
001661
001662
001663
001664
001665
001666
001668
001669
001670
001671
001673
001674
001675
001676
001677
001678
001679
001680
001681
001682
001683
001684
001685
001686
001687
001688
001689
001691
001692
001693
001695
001696
001697
001699
001700
001701
001702
001703
001704
001705
001706
001707
001708
001710
001712
001713
001714
001715
001716
001717
001718
001720
001721
001722
001723
001724
001725
001726
001727
001729
001730
001731
001732
001733
001734
001735
001736
001737
001738
001739
001740
001741
001742
001743
001744
001745
001746
001747
001748
001749
001750
001752
001753
001754
001755
001756
001757
001758
001760
001761
001762
001763
001764
001765
001766
001767
001768
001769
001770
001771
001772
001773
001774
001775
001776
001777
001778
001779
001780
001782
001783
001784
001785
001786
001787
001788
001789
001791
001792
001793
001794
001796
001797
001798
001800
001801
001803
001804
001805
001806
001807
001809
001810
001811
001812
001815
001816
001817
001818
001819
001821
001822
001823
001824
001825
001826
001827
001828
001829
001830
001831
001832
001833
001834
001835
001836
001837
001838
001839
001840
001841
001842
001843
001845
001846
001847
001848
001850
001852
001853
001854
001855
001856
001857
001858
001860
001861
001863
001864
001865
001866
001867
001868
001869
001870
001871
001872
001873
001874
001875
001876
001877
001879
001880
001881
001882
001883
001884
001886
001887
001888
001889
001890
001891
001892
001893
001894
001896
001897
001898
001899
001900
001901
001902
001903
001905
001906
001907
001908
001909
001910
001912
001913
001914
001915
001916
001917
001918
001919
001920
001921
001922
001923
001924
001925
001926
001927
001929
001931
001932
001933
001934
001935
001936
001937
001938
001939
001940
001941
001942
001944
001945
001946
001947
001948
001950
001951
001952
001953
001954
001955
001956
001957
001959
001960
001961
001962
001963
001964
001966
001967
001968
001969
001970
001974
001975
001977
001979
001980
001981
001982
001983
001984
001985
001987
001988
001989
001990
001991
001993
001994
001995
001996
001997
001998
001999
002000
002001
002002
002003
002005
002006
002007
002008
002009
002010
002011
002012
002013
002014
002015
002016
002017
002018
002019
002020
002021
002023
002024
002025
002026
002027
002030
002031
002034
002035
002037
002038
002039
002040
002041
002042
002044
002045
002046
002049
002051
002055
002056
002057
002058
002059
002060
002061
002062
002063
002065
002066
002067
002068
002069
002071
002072
002073
002074
002075
002076
002079
002080
002081
002082
002083
002084
002085
002086
002087
002088
002089
002090
002091
002092
002093
002095
002096
002098
002099
002100
002103
002104
002105
002106
002107
002108
002109
002111
002116
002117
002118
002119
002120
002121
002122
002123
002124
002125
002126
002127
002128
002129
002130
002131
002132
002133
002134
002135
002136
002138
002139
002140
002141
002144
002145
002146
002147
002148
002149
002150
002151
002153
002154
002155
002157
002158
002161
002163
002164
002166
002169
002170
002171
002173
002175
002177
002178
002179
002180
002181
002182
002183
002184
002185
002186
002187
002188
002189
002190
002192
002193
002194
002199
002200
002201
002203
002206
002207
002208
002210
002211
002212
002213
002214
002215
002218
002219
002220
002221
002222
002223
002224
002225
002227
002228
002229
002230
002231
002232
002233
002234
002235
002236
002237
002239
002240
002241
002242
002243
002244
002247
002248
002249
002252
002253
002254
002255
002257
002258
002259
002260
002261
002262
002263
002264
002265
002266
002267
002268
002269
002270
002271
002272
002273
002274
002275
002276
002277
002279
002280
002282
002283
002284
002286
002287
002288
002289
002290
002293
002294
002295
002296
002298
002299
002300
002302
002306
002307
002308
002309
002310
002313
002314
002315
002316
002318
002319
002320
002321
002322
002323
002324
002327
002328
002329
002330
002331
002332
002333
002335
002337
002338
002339
002340
002341
002342
002343
002344
002345
002346
002347
002348
002349
002352
002353
002355
002356
002357
002358
002359
002360
002361
002362
002364
002365
002366
002367
002368
002369
002370
002371
002374
002375
002376
002377
002379
002380
002381
002382
002383
002385
002386
002387
002389
002391
002395
002397
002398
002399
002400
002401
002402
002403
002405
002406
002407
002408
002409
002410
002411
002412
002413
002414
002416
002417
002418
002419
002420
002421
002422
002423
002425
002426
002427
002428
002429
002430
002431
002432
002433
002435
002436
002438
002440
002441
002442
002443
002445
002446
002448
002449
002450
002451
002452
002453
002454
002455
002457
002458
002459
002460
002461
002464
002465
002466
002468
002469
002471
002472
002473
002475
002476
002477
002478
002479
002480
002481
002482
002483
002484
002486
002487
002488
002489
002490
002492
002493
002495
002496
002497
002498
002499
002500
002501
002502
002503
002505
002506
002507
002509
002511
002512
002513
002514
002515
002517
002520
002521
002522
002523
002524
002525
002526
002527
002528
002529
002530
002531
002533
002534
002535
002538
002540
002541
002543
002545
002546
002547
002548
002549
002550
002551
002552
002553
002554
002557
002559
002560
002561
002562
002564
002565
002566
002567
002568
002569
002570
002571
002572
002573
002574
002575
002576
002577
002578
002579
002581
002582
002584
002585
002588
002589
002590
002591
002592
002593
002594
002595
002597
002598
002599
002600
002601
002603
002604
002606
002607
002608
002610
002612
002613
002614
002615
002616
002617
002618
002619
002620
002621
002623
002624
002625
002627
002629
002630
002631
002633
002634
002635
002636
002637
002639
002640
002641
002642
002643
002645
002646
002647
002649
002650
002651
002652
002653
002654
002655
002656
002657
002658
002659
002660
002661
002662
002663
002665
002667
002668
002669
002670
002671
002672
002673
002674
002675
002676
002678
002679
002680
002682
002683
002686
002689
002690
002692
002693
002694
002695
002696
002697
002698
002699
002700
002701
002703
002704
002706
002707
002708
002709
002710
002711
002712
002714
002715
002716
002718
002719
002720
002721
002723
002724
002725
002726
002728
002730
002731
002734
002735
002736
002737
002738
002740
002742
002743
002745
002746
002747
002750
002752
002753
002754
002755
002757
002758
002760
002761
002762
002763
002764
002765
002768
002770
002771
002772
002773
002774
002775
002776
002778
002779
002782
002783
002784
002786
002787
002788
002791
002793
002794
002795
002797
002798
002800
002802
002803
002804
002805
002806
002807
002808
002809
002811
002812
002813
002814
002815
002816
002817
002818
002819
002820
002821
002822
002823
002824
002825
002826
002827
002829
002830
002831
002834
002835
002836
002837
002838
002839
002840
002841
002842
002843
002844
002845
002847
002848
002849
002851
002852
002853
002854
002856
002857
002858
002859
002860
002862
002863
002865
002866
002867
002868
002869
002870
002871
002872
002873
002874
002875
002876
002877
002878
002879
002881
002882
002884
002885
002886
002887
002889
002890
002891
002892
002894
002895
002896
002897
002898
002899
002901
002902
002903
002904
002906
002908
002909
002910
002911
002912
002913
002914
002915
002916
002917
002918
002920
002921
002922
002923
002924
002925
002926
002928
002929
002930
002931
002932
002933
002935
002936
002937
002938
002939
002940
002942
002943
002944
002945
002947
002948
002949
002950
002951
002952
002953
002955
002956
002957
002958
002959
002960
002961
002962
002963
002964
002965
002966
002967
002968
002969
002970
002971
002973
002974
002975
002976
002977
002978
002979
002981
002982
002984
002985
002986
002987
002988
002990
002991
002993
002994
002996
002997
002998
003000
003001
003002
003003
003004
003005
003006
003007
003008
003009
003011
003012
003013
003014
003015
003016
003018
003019
003020
003021
003022
003024
003025
003026
003027
003028
003031
003032
003033
003035
003036
003037
003038
003040
003041
003042
003043
003044
003045
003046
003047
003048
003049
003050
003051
003052
003053
003055
003056
003058
003059
003061
003062
003063
003064
003065
003066
003067
003068
003069
003070
003071
003074
003075
003076
003077
003078
003079
003080
003081
003082
003083
003084
003086
003087
003088
003089
003090
003091
003092
003093
003095
003096
003097
003098
003100
003101
003103
003104
003105
003107
003108
003109
003110
003111
003112
003114
003115
003116
003117
003118
003119
003120
003121
003122
003124
003125
003126
003127
003128
003129
003133
003134
003136
003138
003139
003140
003141
003142
003143
003144
003145
003146
003147
003149
003150
003151
003152
003153
003154
003156
003157
003160
003161
003162
003164
003165
003166
003168
003169
003170
003171
003172
003173
003174
003175
003176
003177
003178
003179
003180
003181
003182
003183
003184
003185
003186
003187
003188
003189
003190
003191
003193
003194
003195
003197
003198
003199
003200
003201
003202
003203
003205
003206
003208
003209
003210
003211
003212
003213
003214
003215
003216
003217
003219
003220
003221
003222
003224
003225
003226
003227
003228
003229
003230
003231
003232
003233
003234
003235
003236
003237
003238
003239
003240
003241
003242
003243
003244
003246
003247
003248
003249
003251
003252
003253
003256
003257
003259
003260
003261
003262
003263
003264
003266
003267
003269
003270
003271
003272
003273
003274
003275
003276
003277
003278
003279
003280
003281
003283
003284
003287
003288
003289
003290
003291
003292
003293
003295
003297
003298
003299
003300
003301
003303
003304
003306
003307
003308
003309
003310
003311
003312
003313
003314
003315
003316
003317
003318
003319
003320
003322
003323
003326
003327
003331
003332
003333
003334
003335
003336
003337
003338
003339
003340
003341
003342
003343
003345
003346
003347
003349
003350
003352
003353
003354
003355
003356
003357
003358
003360
003361
003362
003363
003364
003365
003366
003367
003368
003369
003370
003371
003373
003374
003376
003377
003378
003380
003381
003382
003383
003384
003386
003387
003388
003389
003390
003391
003392
003393
003395
003396
003397
003398
003400
003401
003402
003405
003407
003408
003409
003410
003411
003413
003414
003415
003417
003422
003424
003427
003428
003429
003430
003432
003434
003435
003436
003437
003438
003439
003440
003441
003442
003443
003444
003445
003447
003449
003450
003451
003452
003455
003456
003457
003459
003460
003461
003462
003463
003464
003465
003466
003469
003470
003471
003472
003473
003474
003475
003477
003478
003481
003482
003484
003485
003486
003488
003489
003490
003491
003492
003493
003494
003495
003496
003497
003499
003501
003502
003503
003505
003506
003507
003508
003509
003510
003512
003513
003514
003515
003516
003518
003519
003520
003521
003522
003523
003524
003527
003528
003529
003530
003531
003533
003535
003537
003538
003539
003540
003541
003542
003543
003544
003545
003546
003547
003548
003551
003552
003553
003554
003555
003556
003557
003561
003562
003563
003565
003566
003567
003568
003569
003570
003571
003573
003574
003575
003576
003577
003579
003581
003582
003583
003584
003585
003586
003587
003588
003589
003592
003596
003598
003599
003600
003601
003602
003603
003604
003605
003606
003607
003608
003610
003612
003613
003614
003615
003616
003618
003619
003620
003621
003622
003624
003625
003626
003627
003628
003630
003631
003632
003633
003635
003636
003637
003638
003640
003641
003642
003643
003644
003645
003646
003648
003649
003651
003652
003653
003654
003655
003656
003657
003658
003659
003661
003663
003664
003665
003667
003668
003669
003670
003671
003672
003673
003675
003676
003677
003678
003679
003680
003681
003682
003684
003685
003686
003687
003688
003689
003690
003691
003692
003693
003694
003695
003696
003697
003699
003701
003702
003703
003704
003705
003706
003708
003710
003711
003712
003713
003714
003717
003718
003719
003720
003721
003722
003723
003724
003726
003727
003728
003729
003730
003732
003733
003734
003735
003738
003740
003741
003742
003743
003745
003746
003749
003750
003751
003752
003753
003754
003755
003756
003757
003758
003759
003760
003761
003762
003763
003764
003765
003766
003767
003768
003769
003770
003771
003772
003773
003774
003775
003777
003778
003780
003781
003783
003788
003789
003790
003792
003794
003795
003796
003797
003798
003799
003800
003801
003802
003803
003804
003805
003806
003807
003808
003810
003811
003812
003813
003814
003815
003817
003819
003820
003821
003822
003823
003824
003826
003827
003828
003829
003830
003831
003832
003833
003834
003835
003836
003837
003838
003839
003843
003844
003845
003846
003847
003848
003850
003851
003852
003854
003855
003856
003859
003860
003861
003862
003865
003866
003869
003870
003871
003872
003873
003874
003875
003876
003877
003879
003880
003881
003882
003883
003884
003886
003887
003890
003891
003892
003893
003895
003898
003899
003900
003901
003903
003905
003906
003908
003909
003911
003912
003913
003914
003915
003916
003917
003918
003920
003921
003923
003924
003925
003926
003927
003928
003930
003932
003933
003934
003935
003936
003937
003938
003939
003940
003941
003942
003943
003944
003945
003946
003947
003949
003950
003952
003953
003955
003956
003957
003958
003959
003961
003962
003963
003964
003965
003966
003967
003968
003969
003970
003971
003973
003978
003980
003981
003982
003983
003985
003986
003988
003989
003990
003991
003992
003994
003995
003996
003997
003998
003999
004002
004003
004004
004005
004006
004007
004008
004011
004012
004013
004014
004015
004016
004017
004018
004019
004020
004021
004022
004023
004024
004025
004026
004027
004028
004031
004032
004035
004036
004039
004040
004041
004042
004043
004045
004046
004047
004048
004049
004050
004051
004052
004053
004054
004055
004056
004057
004059
004061
004062
004063
004064
004065
004066
004069
004070
004071
004072
004073
004074
004076
004077
004078
004079
004080
004083
004084
004085
004086
004087
004089
004090
004092
004093
004095
004096
004097
004099
004100
004101
004102
004103
004105
004108
004109
004110
004111
004112
004113
004117
004118
004119
004120
004121
004122
004123
004124
004125
004127
004128
004129
004132
004133
004134
004135
004139
004140
004141
004143
004145
004146
004147
004149
004150
004151
004152
004153
004154
004156
004157
004160
004161
004162
004163
004165
004166
004168
004169
004171
004173
004174
004175
004176
004177
004179
004181
004184
004185
004187
004190
004191
004192
004193
004194
004195
004197
004198
004199
004201
004202
004204
004206
004207
004208
004209
004210
004211
004212
004213
004214
004215
004216
004218
004219
004220
004221
004222
004223
004224
004225
004226
004228
004229
004230
004231
004232
004233
004234
004235
004236
004237
004240
004241
004242
004243
004245
004246
004247
004248
004250
004251
004252
004253
004256
004258
004259
004260
004263
004264
004265
004266
004267
004268
004269
004270
004272
004273
004274
004275
004277
004279
004280
004282
004284
004285
004286
004287
004288
004290
004291
004292
004293
004294
004297
004299
004300
004301
004302
004303
004304
004308
004309
004310
004311
004312
004313
004314
004315
004316
004317
004318
004320
004321
004322
004323
004325
004326
004327
004328
004329
004330
004331
004332
004333
004334
004335
004336
004337
004339
004340
004341
004342
004345
004346
004347
004349
004350
004351
004352
004353
004354
004355
004356
004357
004358
004359
004362
004363
004365
004369
004370
004374
004375
004376
004377
004378
004380
004382
004383
004384
004385
004386
004387
004389
004390
004391
004392
004393
004394
004395
004397
004399
004400
004401
004402
004403
004404
004405
004407
004408
004409
004410
004411
004412
004413
004414
004415
004416
004418
004419
004420
004421
004422
004423
004424
004425
004426
004427
004428
004430
004431
004432
004434
004435
004436
004439
004440
004441
004442
004443
004444
004445
004446
004447
004448
004449
004450
004453
004454
004456
004458
004459
004460
004461
004462
004463
004464
004465
004466
004467
004468
004469
004471
004472
004476
004477
004478
004479
004481
004482
004485
004486
004487
004488
004489
004490
004491
004492
004493
004494
004495
004496
004497
004499
004502
004503
004504
004506
004507
004509
004510
004513
004514
004515
004516
004517
004518
004519
004520
004521
004522
004523
004524
004525
004526
004528
004530
004531
004532
004533
004535
004536
004537
004538
004540
004541
004542
004545
004546
004547
004548
004549
004550
004552
004553
004554
004555
004556
004557
004558
004559
004562
004563
004564
004565
004567
004568
004570
004571
004573
004574
004575
004576
004578
004579
004580
004581
004582
004584
004585
004588
004590
004591
004594
004595
004596
004597
004598
004601
004602
004603
004604
004605
004606
004607
004608
004609
004610
004611
004612
004613
004614
004615
004616
004617
004618
004619
004620
004622
004623
004624
004625
004626
004627
004628
004629
004630
004631
004632
004634
004635
004636
004637
004638
004639
004640
004642
004643
004644
004647
004648
004650
004651
004652
004654
004655
004656
004657
004659
004660
004661
004663
004664
004666
004667
004668
004669
004670
004671
004672
004673
004674
004675
004677
004678
004680
004681
004682
004683
004684
004685
004686
004687
004688
004689
004693
004694
004696
004697
004698
004699
004701
004702
004703
004704
004705
004707
004709
004710
004711
004713
004714
004715
004716
004717
004718
004719
004720
004721
004722
004723
004724
004727
004728
004729
004731
004733
004734
004735
004737
004739
004740
004741
004742
004743
004744
004745
004746
004747
004749
004750
004751
004752
004753
004754
004756
004759
004760
004761
004762
004763
004764
004765
004766
004767
004768
004769
004770
004771
004772
004774
004775
004776
004777
004779
004780
004781
004782
004784
004785
004786
004787
004788
004789
004790
004791
004793
004794
004795
004797
004798
004799
004800
004801
004803
004804
004805
004806
004808
004810
004811
004812
004813
004814
004816
004817
004820
004822
004824
004825
004826
004827
004828
004829
004830
004831
004832
004833
004834
004835
004836
004838
004840
004841
004843
004845
004846
004848
004849
004850
004851
004852
004855
004856
004857
004858
004859
004860
004861
004862
004863
004864
004865
004866
004867
004872
004873
004874
004875
004876
004878
004879
004880
004881
004883
004884
004885
004886
004887
004890
004891
004892
004893
004894
004895
004896
004897
004898
004899
004900
004902
004903
004904
004908
004909
004910
004911
004912
004913
004914
004915
004916
004917
004918
004919
004920
004921
004923
004924
004925
004927
004928
004929
004931
004932
004933
004934
004935
004936
004938
004939
004941
004942
004943
004945
004946
004948
004949
004950
004951
004952
004953
004955
004956
004957
004958
004959
004960
004962
004963
004964
004965
004966
004967
004968
004970
004971
004972
004973
004975
004976
004977
004978
004979
004981
004982
004985
004986
004987
004988
004989
004990
004993
004994
004995
004996
004997
004998
005000
005001
005002
005003
005004
005005
005006
005007
005008
005009
005010
005011
005012
005013
005014
005015
005017
005018
005019
005020
005021
005022
005023
005024
005026
005027
005028
005029
005030
005032
005033
005034
005035
005036
005037
005038
005039
005040
005041
005043
005044
005045
005046
005047
005048
005049
005050
005051
005052
005053
005054
005056
005057
005058
005059
005061
005062
005063
005064
005066
005067
005069
005070
005071
005072
005073
005075
005076
005077
005078
005079
005080
005081
005082
005083
005084
005085
005088
005089
005090
005091
005094
005096
005098
005099
005100
005101
005102
005103
005104
005105
005108
005110
005111
005113
005114
005115
005116
005117
005118
005119
005120
005121
005122
005123
005124
005125
005126
005128
005129
005130
005132
005133
005134
005135
005136
005139
005140
005141
005142
005143
005145
005146
005147
005148
005149
005150
005151
005152
005153
005154
005155
005156
005157
005158
005159
005160
005161
005162
005163
005164
005165
005166
005167
005168
005169
005170
005171
005172
005173
005174
005175
005176
005179
005180
005181
005183
005184
005185
005186
005187
005188
005189
005190
005191
005192
005193
005195
005196
005197
005198
005199
005200
005202
005203
005204
005205
005207
005208
005209
005212
005213
005214
005215
005216
005217
005219
005221
005222
005223
005224
005226
005227
005228
005229
005230
005231
005232
005234
005235
005236
005237
005239
005240
005244
005245
005246
005247
005248
005249
005250
005251
005253
005254
005255
005256
005257
005258
005259
005260
005262
005263
005264
005265
005267
005268
005269
005270
005272
005274
005276
005277
005278
005279
005283
005284
005286
005287
005288
005289
005290
005291
005293
005294
005296
005297
005300
005301
005302
005303
005304
005305
005306
005307
005310
005311
005312
005313
005314
005315
005316
005317
005318
005320
005321
005323
005324
005325
005326
005327
005329
005330
005331
005332
005333
005334
005335
005336
005337
005338
005339
005340
005344
005346
005348
005349
005351
005352
005353
005354
005355
005356
005357
005358
005359
005360
005361
005362
005363
005366
005367
005368
005369
005370
005371
005374
005375
005378
005379
005380
005381
005382
005383
005384
005385
005388
005389
005390
005391
005392
005393
005394
005395
005397
005398
005401
005402
005404
005407
005408
005409
005410
005412
005413
005414
005415
005416
005417
005418
005419
005420
005421
005422
005423
005425
005427
005428
005429
005430
005431
005432
005433
005434
005435
005436
005437
005438
005439
005441
005442
005443
005445
005446
005447
005448
005449
005450
005452
005453
005454
005455
005456
005457
005458
005459
005460
005461
005462
005464
005465
005467
005468
005469
005470
005471
005472
005473
005474
005475
005477
005478
005479
005480
005483
005484
005485
005487
005488
005490
005491
005492
005493
005494
005495
005496
005497
005498
005499
005500
005502
005503
005504
005505
005507
005508
005509
005511
005512
005514
005516
005517
005518
005519
005520
005521
005523
005524
005525
005526
005527
005528
005529
005530
005531
005533
005534
005535
005537
005538
005539
005541
005543
005544
005545
005547
005548
005549
005550
005552
005553
005554
005556
005557
005558
005559
005560
005562
005563
005564
005565
005566
005567
005568
005570
005571
005572
005574
005575
005576
005577
005578
005579
005580
005582
005583
005584
005585
005586
005587
005588
005589
005590
005591
005592
005594
005596
005597
005598
005599
005600
005601
005602
005603
005606
005607
005609
005610
005611
005612
005613
005615
005618
005620
005621
005622
005623
005624
005625
005626
005628
005629
005630
005632
005633
005634
005635
005636
005637
005638
005639
005640
005641
005642
005643
005644
005645
005646
005647
005648
005649
005650
005651
005652
005653
005654
005656
005657
005658
005660
005661
005662
005663
005664
005665
005666
005667
005668
005670
005673
005674
005675
005676
005677
005678
005679
005680
005682
005683
005687
005688
005691
005692
005693
005694
005695
005696
005697
005698
005699
005702
005703
005704
005705
005706
005707
005708
005709
005710
005712
005714
005715
005716
005717
005718
005719
005720
005721
005722
005724
005726
005729
005730
005731
005732
005733
005734
005735
005737
005738
005739
005740
005741
005744
005745
005746
005747
005748
005749
005751
005752
005753
005756
005757
005758
005759
005760
005762
005764
005765
005766
005769
005770
005772
005773
005775
005779
005780
005781
005782
005783
005784
005785
005786
005787
005789
005790
005792
005793
005794
005795
005796
005798
005799
005800
005801
005802
005803
005804
005805
005806
005807
005808
005809
005810
005813
005814
005815
005816
005817
005818
005819
005821
005822
005823
005825
005826
005828
005829
005830
005831
005834
005835
005836
005837
005838
005840
005841
005842
005843
005845
005846
005847
005848
005849
005851
005852
005853
005858
005859
005860
005861
005862
005863
005864
005865
005866
005867
005868
005869
005871
005872
005873
005874
005875
005876
005877
005878
005879
005880
005881
005882
005884
005885
005886
005887
005888
005889
005890
005891
005892
005893
005894
005895
005897
005898
005900
005901
005903
005904
005906
005907
005909
005910
005911
005912
005913
005914
005915
005917
005920
005921
005922
005923
005924
005926
005927
005928
005929
005930
005931
005932
005933
005934
005935
005936
005937
005938
005939
005940
005941
005942
005943
005944
005945
005946
005947
005948
005949
005951
005952
005953
005954
005955
005956
005957
005958
005959
005960
005962
005963
005964
005966
005967
005969
005970
005971
005972
005973
005976
005977
005978
005979
005981
005982
005983
005984
005985
005987
005989
005990
005991
005992
005993
005995
005997
005998
006000
006001
006002
006003
006004
006005
006006
006007
006008
006009
006010
006011
006013
006015
006016
006017
006018
006019
006020
006021
006022
006023
006025
006026
006027
006028
006029
006030
006031
006032
006033
006034
006035
006036
006037
006038
006039
006040
006041
006042
006043
006044
006046
006047
006048
006050
006052
006053
006054
006055
006056
006057
006058
006059
006062
006063
006064
006065
006067
006069
006070
006071
006072
006073
006074
006075
006076
006078
006079
006080
006081
006082
006083
006084
006085
006087
006088
006089
006090
006092
006093
006094
006096
006097
006098
006100
006101
006102
006103
006104
006105
006106
006108
006109
006110
006111
006112
006113
006114
006115
006116
006118
006119
006120
006122
006124
006126
006127
006129
006130
006133
006134
006135
006136
006137
006138
006139
006141
006142
006143
006144
006145
006146
006147
006148
006152
006153
006154
006155
006156
006157
006158
006159
006160
006161
006163
006164
006165
006166
006167
006168
006169
006170
006173
006174
006177
006178
006179
006180
006181
006182
006183
006184
006185
006187
006189
006190
006191
006192
006193
006194
006195
006196
006197
006198
006199
006200
006201
006203
006204
006205
006206
006208
006209
006210
006211
006212
006213
006216
006217
006219
006220
006222
006223
006224
006225
006226
006228
006230
006231
006232
006233
006235
006236
006237
006238
006239
006240
006241
006242
006243
006244
006245
006246
006247
006248
006249
006250
006251
006252
006254
006255
006258
006259
006260
006261
006262
006264
006265
006266
006268
006269
006270
006271
006272
006273
006274
006275
006276
006277
006279
006280
006281
006282
006283
006284
006285
006286
006287
006288
006289
006290
006291
006292
006293
006294
006295
006296
006297
006300
006301
006302
006303
006304
006306
006307
006308
006309
006310
006311
006313
006314
006315
006316
006317
006319
006320
006321
006322
006323
006324
006326
006328
006329
006330
006331
006332
006333
006334
006335
006336
006337
006338
006339
006340
006341
006343
006344
006346
006347
006348
006349
006350
006351
006352
006355
006356
006357
006358
006359
006360
006361
006362
006364
006366
006367
006368
006369
006371
006372
006373
006374
006375
006376
006378
006379
006380
006381
006382
006383
006384
006386
006387
006388
006389
006390
006391
006392
006393
006394
006396
006397
006398
006399
006400
006402
006403
006404
006405
006406
006407
006411
006412
006413
006416
006419
006420
006421
006422
006425
006426
006427
006428
006429
006430
006431
006432
006433
006434
006435
006436
006437
006438
006439
006440
006441
006442
006443
006444
006445
006446
006449
006450
006451
006452
006453
006455
006456
006457
006458
006459
006461
006462
006464
006465
006466
006467
006468
006469
006471
006472
006473
006474
006476
006477
006478
006480
006481
006482
006483
006485
006486
006488
006489
006490
006491
006492
006493
006494
006495
006497
006498
006500
006501
006502
006503
006504
006505
006506
006507
006509
006511
006514
006516
006517
006518
006520
006521
006522
006523
006524
006525
006526
006527
006529
006530
006531
006532
006533
006536
006537
006539
006540
006541
006542
006545
006546
006549
006550
006551
006552
006553
006555
006556
006557
006558
006559
006560
006562
006563
006564
006566
006567
006569
006570
006571
006573
006575
006576
006577
006578
006582
006583
006584
006585
006586
006587
006589
006590
006591
006592
006594
006595
006597
006598
006600
006601
006602
006603
006604
006605
006606
006607
006608
006609
006610
006611
006612
006613
006614
006615
006616
006619
006620
006621
006622
006623
006624
006625
006626
006627
006629
006630
006631
006633
006634
006635
006637
006639
006640
006641
006643
006644
006646
006647
006648
006650
006651
006652
006653
006655
006657
006658
006659
006661
006662
006664
006665
006666
006668
006669
006670
006671
006672
006673
006674
006676
006679
006680
006682
006683
006684
006687
006688
006689
006692
006693
006694
006695
006696
006697
006698
006700
006701
006702
006704
006705
006707
006709
006710
006712
006713
006714
006715
006716
006717
006718
006722
006723
006724
006725
006726
006727
006729
006730
006731
006732
006733
006734
006735
006736
006737
006738
006739
006740
006741
006742
006743
006745
006747
006748
006749
006750
006752
006753
006754
006755
006757
006758
006759
006760
006761
006762
006763
006764
006765
006766
006767
006770
006771
006772
006774
006776
006778
006779
006781
006782
006783
006784
006785
006786
006788
006789
006790
006794
006795
006796
006797
006798
006799
006800
006801
006802
006803
006804
006805
006806
006807
006808
006809
006811
006812
006813
006814
006815
006816
006817
006819
006821
006822
006823
006824
006827
006828
006829
006831
006832
006834
006835
006836
006837
006838
006839
006840
006844
006847
006848
006850
006851
006852
006853
006854
006855
006856
006857
006858
006860
006861
006862
006863
006865
006866
006867
006868
006869
006871
006872
006873
006874
006875
006876
006877
006878
006879
006880
006881
006882
006885
006886
006887
006888
006889
006890
006891
006892
006894
006896
006897
006898
006899
006900
006902
006904
006905
006906
006907
006910
006912
006914
006915
006916
006918
006919
006920
006921
006922
006923
006924
006925
006926
006928
006929
006930
006933
006935
006936
006937
006938
006940
006941
006942
006943
006944
006945
006947
006949
006950
006952
006953
006954
006955
006956
006957
006958
006959
006960
006961
006963
006964
006965
006966
006967
006968
006969
006970
006971
006972
006973
006974
006975
006976
006977
006978
006979
006980
006981
006982
006983
006984
006985
006986
006987
006988
006989
006991
006993
006994
006995
006997
006998
006999
007000
007001
007002
007005
007006
007007
007008
007009
007010
007011
007012
007013
007015
007016
007017
007018
007019
007022
007023
007027
007028
007029
007030
007031
007032
007033
007035
007036
007037
007038
007039
007040
007041
007042
007043
007045
007046
007047
007048
007049
007050
007051
007052
007053
007054
007055
007057
007058
007059
007060
007062
007063
007064
007067
007068
007070
007071
007072
007073
007074
007077
007079
007081
007083
007085
007088
007089
007090
007091
007092
007093
007094
007095
007097
007098
007099
007100
007102
007104
007105
007106
007107
007108
007109
007110
007111
007112
007113
007114
007117
007118
007119
007120
007122
007123
007125
007126
007127
007132
007133
007134
007135
007136
007137
007138
007139
007140
007141
007142
007143
007144
007145
007146
007147
007149
007151
007152
007153
007154
007155
007156
007158
007159
007160
007161
007163
007164
007166
007167
007168
007170
007173
007174
007175
007176
007178
007179
007180
007181
007183
007184
007185
007186
007188
007190
007191
007192
007193
007194
007195
007196
007198
007199
007200
007201
007202
007203
007204
007205
007207
007208
007212
007214
007215
007217
007218
007219
007220
007221
007222
007223
007224
007225
007226
007229
007231
007232
007234
007235
007236
007237
007238
007239
007240
007242
007244
007245
007246
007247
007248
007250
007251
007254
007255
007256
007261
007262
007264
007265
007266
007270
007271
007274
007276
007277
007278
007280
007281
007283
007284
007285
007286
007287
007289
007291
007292
007294
007295
007296
007298
007299
007300
007301
007303
007304
007305
007306
007307
007308
007310
007311
007312
007313
007314
007315
007316
007317
007319
007320
007321
007322
007323
007325
007327
007329
007330
007331
007332
007333
007334
007335
007336
007337
007338
007339
007340
007342
007343
007344
007345
007346
007347
007349
007350
007351
007352
007353
007354
007355
007356
007357
007360
007361
007362
007363
007364
007366
007367
007369
007370
007371
007373
007374
007375
007376
007378
007380
007381
007382
007383
007384
007385
007386
007387
007388
007389
007390
007391
007392
007394
007395
007396
007397
007398
007399
007400
007401
007402
007404
007406
007407
007408
007409
007410
007411
007412
007413
007414
007415
007416
007417
007419
007420
007421
007422
007423
007424
007426
007427
007428
007429
007430
007431
007432
007433
007435
007437
007438
007439
007440
007442
007443
007444
007445
007446
007447
007448
007449
007452
007454
007456
007457
007458
007459
007460
007461
007462
007463
007464
007465
007467
007469
007470
007472
007474
007477
007479
